5.564720237959837161e-03
2.336612188918026686e-03
4.954830152390030627e-03
2.779940573412158743e-03
2.486435698946058530e-03
3.726478869055881160e-03
6.198673099102098086e-03
8.088358923359292157e-03
5.815243779893188546e-03
5.244484110228052158e-03
1.190895507812770628e-02
2.934335200783609598e-02
2.023828105179950598e-02
1.273860086538598606e-02
3.504325757164231461e-03
4.274651308853257177e-03
2.185977908720096105e-03
2.489329804463043250e-03
2.826150399407671363e-03
5.079841694483486214e-03
7.805080367055218515e-03
2.912398549676588604e-03
4.530359669728093591e-03
1.052728557090307909e-02
2.123984989973926041e-02
1.579081806760330997e-02
5.209569673259893847e-03
1.764850078221573849e-03
9.646967141767964771e-03
4.038222118306841052e-03
5.766434443018162923e-03
6.553686318309857178e-03
4.186696942671058567e-03
1.065303961910969363e-02
7.776640964926289507e-03
3.924863493165915880e-03
5.176117450532454270e-03
4.184204398376841459e-03
4.636523407399955818e-03
8.874369483185838570e-03
1.397951643696273725e-03
1.334635819103757292e-03
1.187437569382411399e-02
4.770351267670083079e-03
5.199899478181745083e-03
7.223057066711752183e-03
2.502052811382840178e-02
5.066873046668671048e-03
3.758660526205878389e-03
2.966374261907224127e-03
7.653731444544743454e-03
8.082524073468370929e-03
1.252086159460643298e-02
2.575989385840230742e-03
7.802861215478986562e-03
2.741773327773126216e-03
2.102135277558663754e-03
1.631594803723999260e-02
1.755827783298964271e-03
8.497748476597342601e-03
2.011143248552708235e-02
3.483898689215498504e-03
4.209993347967401836e-03
8.990245935681318024e-03
3.770522553487773952e-03
2.267708987522882701e-03
1.368859652388642288e-03
1.407177858984279229e-03
1.392590814259982114e-03
1.167555883181110952e-03
1.128530464654287904e-03
1.123123908973531170e-03
1.042257414173229342e-03
1.113979837352937824e-03
1.096248287196621707e-03
1.018989225596926215e-03
1.149430688844291400e-03
1.209098840035685357e-03
4.025849181041157507e-03
1.324040767406442932e-03
2.737811697862858364e-03
3.921877205609642855e-03
1.607161161960452824e-03
3.707131040550458185e-03
2.448259846009377509e-03
3.134207104247137363e-03
4.444820493957155928e-03
1.039339718139162781e-02
2.130324152202624569e-02
3.448557658515022384e-02
2.047145143041396997e-02
3.366080218480935887e-02
4.001511238007179200e-02
3.762823848688460343e-02
2.451685293232484103e-02
5.163182623855560455e-02
1.352424566151794703e-02
1.805024704155371029e-02
3.334049875673953528e-02
3.413720147719788520e-03
5.443813755761181539e-03
1.450290681243402227e-02
1.440547615784499051e-03
1.961378293550398565e-03
1.889757717264721731e-03
1.569704005968114999e-03
1.182274331318446722e-03
9.213958040627908330e-04
9.009924496768201762e-04
9.121902160624582954e-04
9.059372139595855055e-04
9.322965977670566581e-04
9.002789972822764159e-04
8.749377714183643020e-04
8.677931775879603460e-04
9.100231335147782648e-04
8.914388922664282086e-04
8.721785108415303555e-04
8.768031734822999239e-04
1.491149859289368253e-02
2.626053447525497977e-02
2.659282298759614062e-03
2.128344988175547361e-03
3.242271532165249062e-03
2.500363862776532314e-03
2.994336746503672032e-03
3.109979933735224685e-03
1.892839926986602606e-03
2.567504239091824864e-03
1.152907548181741383e-02
2.279089261428629814e-03
3.743607638446376853e-03
1.978624200019604186e-03
1.359332951730445310e-03
1.088968696535687472e-03
1.639192312743282479e-03
9.146592776085581480e-03
7.086172996550485319e-03
1.334066295792154296e-03
1.390693690357826815e-03
1.441258141106660376e-03
1.157131385537236946e-03
1.319246481986280362e-03
